10001100000000000000000000000000
00000000000000001000000000000010
00000000000000000000000000000001
10001100000000000000000000000000
00000000000000010000000000000011
00000000000000000000000000000001
10001100000000000000000000000000
00000000000000011000000000000100
00000000000000000000000000000001
10011000000000000000000000000000
00000000000000000000000000000001
00000000000000000000000000000000
10010100000000000000000000000000
00000000000000000000000000000001
00000000000000000000000000000000
10011100000000000000000000000000
00000000000000000000000000000000
00000000000000000000000000000000
10011100000000000000000000000000
00000000000000000000000000000000
00000000000000000000000000000000
10011100000000000000000000000000
00000000000000000000000000000000
00000000000000000000000000000000
10011100000000000000000000000000
00000000000000000000000000000000
00000000000000000000000000000000
10011100000000000000000000000000
00000000000000000000000000000000
00000000000000000000000000000000
10011100000000000000000000000000
00000000000000000000000000000000
00000000000000000000000000000000
10011100000000000000000000000000
00000000000000000000000000000000
00000000000000000000000000000000
10011100000000000000000000000000
00000000000000000000000000000000
00000000000000000000000000000000
10011100000000000000000000000000
00000000000000000000000000000000
00000000000000000000000000000000
